[gd_scene load_steps=12 format=3 uid="uid://d3fw3dr7tmdpb"]

[ext_resource type="PackedScene" uid="uid://b1coliajwyc2y" path="res://characters/enemies/grunt/grunt.tscn" id="1_rthfm"]
[ext_resource type="PackedScene" uid="uid://bvk1hgleuscfb" path="res://characters/enemies/grunt/machine gunner/machine gunner.glb" id="2_auaq2"]
[ext_resource type="Script" uid="uid://cug183rbrmcku" path="res://characters/enemies/grunt/machine gunner/machine_gunner.gd" id="2_gk877"]
[ext_resource type="PackedScene" uid="uid://d435dfdhj4h6" path="res://characters/hit_box.tscn" id="3_0k84x"]

[sub_resource type="CapsuleShape3D" id="CapsuleShape3D_gk877"]
radius = 0.370349
height = 1.69816

[sub_resource type="SphereShape3D" id="SphereShape3D_6amjc"]
radius = 0.0972487

[sub_resource type="SphereShape3D" id="SphereShape3D_k8a7e"]
radius = 0.253719

[sub_resource type="CapsuleShape3D" id="CapsuleShape3D_qr0hx"]
radius = 0.125794
height = 0.622566

[sub_resource type="CapsuleShape3D" id="CapsuleShape3D_akc7m"]
radius = 0.12469
height = 0.767127

[sub_resource type="CapsuleShape3D" id="CapsuleShape3D_kb6td"]
radius = 0.167221
height = 0.796014

[sub_resource type="CapsuleShape3D" id="CapsuleShape3D_n753c"]
radius = 0.123711
height = 0.600643

[node name="Machine Gunner" node_paths=PackedStringArray("meshes_to_destroy", "animation_player") instance=ExtResource("1_rthfm")]
wall_min_slide_angle = 0.261799
safe_margin = 0.001
script = ExtResource("2_gk877")
meshes_to_destroy = [NodePath("Graphics/machine gunner/Armature/Skeleton3D/Machinegun")]
animation_player = NodePath("Graphics/machine gunner/AnimationPlayer")
attack_range = 20.0

[node name="AICharacterMover" parent="." index="0"]
max_speed = 4.0
move_accel = 1.5

[node name="HealthManager" parent="." index="1"]
max_health = 60
gib_when_damage_taken = 100

[node name="AttackEmitter" parent="." index="2"]
transform = Transform3D(1, 0, 0, 0, 1, 0, 0, 0, 1, 0.176861, 1.49982, -0.426502)

[node name="Muzzle" type="Node3D" parent="Graphics" index="0"]
transform = Transform3D(0.600163, 0, 0, 0, 0.600163, 0, 0, 0, 0.600163, 0.177588, 1.49229, -1.10799)

[node name="machine gunner" parent="Graphics" index="1" instance=ExtResource("2_auaq2")]
transform = Transform3D(-1, 0, -8.74228e-08, 0, 1, 0, 8.74228e-08, 0, -1, 0, 0, 0)

[node name="Skeleton3D" parent="Graphics/machine gunner/Armature" index="0"]
bones/0/position = Vector3(2.95699e-26, -1.56357e-10, 0.0464859)
bones/0/rotation = Quaternion(-0.0208039, -0.132991, -0.00279216, 0.990895)
bones/1/rotation = Quaternion(0.0168924, 0.10776, 0.00269367, 0.99403)
bones/2/rotation = Quaternion(0.0901734, 0.414449, 0.905528, -0.0109337)
bones/3/rotation = Quaternion(0.208233, -0.123093, -0.438483, 0.865575)
bones/4/rotation = Quaternion(0.143922, -0.513869, -0.0216917, 0.845432)
bones/5/position = Vector3(0.145774, -0.301789, -0.0592045)
bones/5/rotation = Quaternion(4.38797e-05, -0.063752, 0.997964, -0.00207548)
bones/6/rotation = Quaternion(0.0365153, 0.00174599, -0.0371117, 0.998642)
bones/7/rotation = Quaternion(0.657774, -0.00176444, 0.00521937, 0.753195)
bones/8/rotation = Quaternion(-0.126584, 0.104238, 0.985274, 0.0484291)
bones/9/rotation = Quaternion(0.65602, -0.0518, 0.319065, 0.68202)
bones/10/rotation = Quaternion(-0.121952, -0.00628985, 0.0673343, 0.990229)
bones/11/position = Vector3(-0.145774, -0.301789, -0.0592045)
bones/11/rotation = Quaternion(-4.38956e-05, -0.063752, 0.997964, 0.00207548)
bones/12/rotation = Quaternion(0.0365153, -0.00174596, 0.0371117, 0.998642)
bones/13/rotation = Quaternion(0.658849, 0.0136425, -0.0178151, 0.751941)

[node name="Body" type="BoneAttachment3D" parent="Graphics/machine gunner/Armature/Skeleton3D" index="7"]
transform = Transform3D(0.964611, 0.0110669, -0.263444, -1.16415e-08, 0.999119, 0.0419716, 0.263676, -0.0404863, 0.963761, 2.95699e-26, -1.56357e-10, 0.0464859)
bone_name = "body"
bone_idx = 0

[node name="HitBox" parent="Graphics/machine gunner/Armature/Skeleton3D/Body" index="0" instance=ExtResource("3_0k84x")]

[node name="CollisionShape3D" parent="Graphics/machine gunner/Armature/Skeleton3D/Body/HitBox" index="0"]
transform = Transform3D(1, -6.66134e-16, 0, 6.66134e-16, 1, 0, 0, 0, 1, 0, 0.26467, 0.0111185)
shape = SubResource("CapsuleShape3D_gk877")

[node name="HitBoxShoulderR" parent="Graphics/machine gunner/Armature/Skeleton3D/Body" index="1" instance=ExtResource("3_0k84x")]
transform = Transform3D(1, -2.22045e-16, 0, 2.22045e-16, 1, 0, 0, 0, 1, 0.00538997, 0.0956569, -0.0172225)

[node name="CollisionShape3D" parent="Graphics/machine gunner/Armature/Skeleton3D/Body/HitBoxShoulderR" index="0"]
transform = Transform3D(1, -3.77476e-15, 0, 8.88178e-16, 1, 3.72529e-09, -7.10543e-15, -3.72529e-09, 1, -0.35569, 0.692919, 0.0341844)
shape = SubResource("SphereShape3D_6amjc")

[node name="HitBoxShoulderL" parent="Graphics/machine gunner/Armature/Skeleton3D/Body" index="2" instance=ExtResource("3_0k84x")]
transform = Transform3D(1, -2.22045e-16, 0, 2.22045e-16, 1, 0, 0, 0, 1, 0.00538997, 0.0956569, -0.0172225)

[node name="CollisionShape3D" parent="Graphics/machine gunner/Armature/Skeleton3D/Body/HitBoxShoulderL" index="0"]
transform = Transform3D(1, -4.44089e-15, 0, 8.88178e-16, 1, 3.72529e-09, -7.10543e-15, -3.72529e-09, 1, 0.345626, 0.694202, 0.00363541)
shape = SubResource("SphereShape3D_6amjc")

[node name="HitBoxHead" parent="Graphics/machine gunner/Armature/Skeleton3D/Body" index="3" node_paths=PackedStringArray("meshes_to_destroy") instance=ExtResource("3_0k84x")]
weak_spot = true
limbtype = 3
health = 30
kill_parent_on_death = true
meshes_to_destroy = [NodePath("../../Head")]

[node name="CollisionShape3D" parent="Graphics/machine gunner/Armature/Skeleton3D/Body/HitBoxHead" index="0"]
transform = Transform3D(1, -1.11022e-15, 0, 1.11022e-15, 1, 0, 0, 0, 1, -4.44089e-16, 1.27006, 0.0533535)
shape = SubResource("SphereShape3D_k8a7e")

[node name="UpperArmL" type="BoneAttachment3D" parent="Graphics/machine gunner/Armature/Skeleton3D" index="8"]
transform = Transform3D(-0.993497, -0.113281, -0.0115411, 0.0621294, -0.624226, 0.77877, -0.0954243, 0.772987, 0.627204, 0.310944, 0.856862, 0.0832915)
bone_name = "upperarm.l"
bone_idx = 2

[node name="HitBox" parent="Graphics/machine gunner/Armature/Skeleton3D/UpperArmL" index="0" node_paths=PackedStringArray("meshes_to_destroy") instance=ExtResource("3_0k84x")]
limbtype = 2
health = 20
meshes_to_destroy = [NodePath("../../Upper Left Arm"), NodePath("../../Lower Left Arm")]

[node name="CollisionShape3D" parent="Graphics/machine gunner/Armature/Skeleton3D/UpperArmL/HitBox" index="0"]
transform = Transform3D(0.999521, 0.00864147, -0.0297144, -0.00999008, 0.998913, -0.045529, 0.0292887, 0.045804, 0.998521, -0.0194883, 0.245459, 0.00796703)
shape = SubResource("CapsuleShape3D_qr0hx")

[node name="UpperArmR" type="BoneAttachment3D" parent="Graphics/machine gunner/Armature/Skeleton3D" index="9"]
transform = Transform3D(-0.860037, -0.179168, -0.477741, 0.0580883, -0.964614, 0.25719, -0.506916, 0.193441, 0.84001, -0.28643, 0.856862, -0.0800005)
bone_name = "upperarm.r"
bone_idx = 8

[node name="HitBox" parent="Graphics/machine gunner/Armature/Skeleton3D/UpperArmR" index="0" node_paths=PackedStringArray("meshes_to_destroy") instance=ExtResource("3_0k84x")]
limbtype = 1
health = 20
meshes_to_destroy = [NodePath("../../Upper Right Arm"), NodePath("../../Lower Right Arm"), NodePath("../../Machinegun")]

[node name="CollisionShape3D" parent="Graphics/machine gunner/Armature/Skeleton3D/UpperArmR/HitBox" index="0"]
transform = Transform3D(0.999521, 0.00864147, -0.0297144, -0.00999008, 0.998913, -0.045529, 0.0292887, 0.045804, 0.998521, -0.0194883, 0.245459, 0.00796703)
shape = SubResource("CapsuleShape3D_qr0hx")

[node name="LowerArmL" type="BoneAttachment3D" parent="Graphics/machine gunner/Armature/Skeleton3D" index="10"]
transform = Transform3D(-0.489911, -0.768516, 0.411549, 0.565929, 0.0787203, 0.820687, -0.663107, 0.634971, 0.396359, 0.249833, 0.520114, 0.500292)
bone_name = "lowerarm.l"
bone_idx = 3

[node name="HitBox" parent="Graphics/machine gunner/Armature/Skeleton3D/LowerArmL" index="0" node_paths=PackedStringArray("meshes_to_destroy") instance=ExtResource("3_0k84x")]
limbtype = 2
health = 20
meshes_to_destroy = [NodePath("../../Lower Left Arm")]

[node name="CollisionShape3D" parent="Graphics/machine gunner/Armature/Skeleton3D/LowerArmL/HitBox" index="0"]
transform = Transform3D(0.999969, 0.0013925, -0.00773703, -0.00174783, 0.998934, -0.0461219, 0.00766459, 0.046134, 0.998906, -0.00350261, 0.294072, 0.0240312)
shape = SubResource("CapsuleShape3D_akc7m")

[node name="LowerArmR" type="BoneAttachment3D" parent="Graphics/machine gunner/Armature/Skeleton3D" index="11"]
transform = Transform3D(-0.979865, 0.0325714, -0.196991, -0.18247, 0.254466, 0.949712, 0.08106, 0.966533, -0.2434, -0.383085, 0.336486, 0.0243544)
bone_name = "lowerarm.r"
bone_idx = 9

[node name="HitBox" parent="Graphics/machine gunner/Armature/Skeleton3D/LowerArmR" index="0" node_paths=PackedStringArray("meshes_to_destroy") instance=ExtResource("3_0k84x")]
limbtype = 1
health = 20
meshes_to_destroy = [NodePath("../../Lower Right Arm"), NodePath("../../Machinegun")]

[node name="CollisionShape3D" parent="Graphics/machine gunner/Armature/Skeleton3D/LowerArmR/HitBox" index="0"]
transform = Transform3D(0.999969, 0.0013925, -0.00773703, -0.00174783, 0.998934, -0.0461219, 0.00766459, 0.046134, 0.998906, -0.00350261, 0.294072, 0.0240312)
shape = SubResource("CapsuleShape3D_akc7m")

[node name="UpperLegL" type="BoneAttachment3D" parent="Graphics/machine gunner/Armature/Skeleton3D" index="12"]
transform = Transform3D(-0.964602, 0.0265354, -0.262373, -0.00415186, -0.99633, -0.0855021, -0.263677, -0.0813857, 0.961177, 0.152872, -0.304008, 0.0400824)
bone_name = "upperleg.l"
bone_idx = 5

[node name="HitBox" parent="Graphics/machine gunner/Armature/Skeleton3D/UpperLegL" index="0" instance=ExtResource("3_0k84x")]

[node name="CollisionShape3D" parent="Graphics/machine gunner/Armature/Skeleton3D/UpperLegL/HitBox" index="0"]
transform = Transform3D(1, 2.50864e-10, 6.73026e-11, -6.75442e-10, 1, -1.49012e-08, -1.79625e-11, -7.45058e-09, 1, 0.00218871, 0.525232, 0.0450733)
shape = SubResource("CapsuleShape3D_kb6td")

[node name="UpperLegR" type="BoneAttachment3D" parent="Graphics/machine gunner/Armature/Skeleton3D" index="13"]
transform = Transform3D(-0.964604, 0.0185544, -0.263052, 0.00415189, -0.99633, -0.0855021, -0.263671, -0.0835673, 0.960992, -0.128358, -0.304008, -0.036792)
bone_name = "upperleg.r"
bone_idx = 11

[node name="HitBox" parent="Graphics/machine gunner/Armature/Skeleton3D/UpperLegR" index="0" instance=ExtResource("3_0k84x")]

[node name="CollisionShape3D" parent="Graphics/machine gunner/Armature/Skeleton3D/UpperLegR/HitBox" index="0"]
transform = Transform3D(1, 2.50864e-10, 6.73026e-11, -6.75442e-10, 1, -1.49012e-08, -1.79625e-11, -7.45058e-09, 1, 0.00218871, 0.525232, 0.0450733)
shape = SubResource("CapsuleShape3D_kb6td")

[node name="LowerLegL" type="BoneAttachment3D" parent="Graphics/machine gunner/Armature/Skeleton3D" index="14"]
transform = Transform3D(-0.962277, -0.0643315, -0.26436, 0.070113, -0.997461, -0.0124839, -0.262884, -0.030547, 0.96435, 0.169057, -0.911675, -0.0095552)
bone_name = "lowerleg.l"
bone_idx = 6

[node name="HitBox" parent="Graphics/machine gunner/Armature/Skeleton3D/LowerLegL" index="0" instance=ExtResource("3_0k84x")]

[node name="CollisionShape3D" parent="Graphics/machine gunner/Armature/Skeleton3D/LowerLegL/HitBox" index="0"]
transform = Transform3D(0.997553, -0.0692295, 0.00967549, 0.0697614, 0.994742, -0.0749775, -0.00443397, 0.0754691, 0.99714, -0.020761, 0.582592, 0.0186849)
shape = SubResource("CapsuleShape3D_n753c")

[node name="LowerLegR" type="BoneAttachment3D" parent="Graphics/machine gunner/Armature/Skeleton3D" index="15"]
transform = Transform3D(-0.962198, 0.0709251, -0.262955, -0.070113, -0.997461, -0.0124839, -0.263171, 0.00642541, 0.964733, -0.117042, -0.911675, -0.0877601)
bone_name = "lowerleg.r"
bone_idx = 12

[node name="HitBox" parent="Graphics/machine gunner/Armature/Skeleton3D/LowerLegR" index="0" instance=ExtResource("3_0k84x")]

[node name="CollisionShape3D" parent="Graphics/machine gunner/Armature/Skeleton3D/LowerLegR/HitBox" index="0"]
transform = Transform3D(0.999952, -0.00781484, 0.00580933, 0.00823101, 0.997115, -0.0754661, -0.00520282, 0.0755104, 0.997133, 0.00933684, 0.580476, 0.018663)
shape = SubResource("CapsuleShape3D_n753c")

[editable path="Graphics/machine gunner"]
[editable path="Graphics/machine gunner/Armature/Skeleton3D/Body/HitBox"]
[editable path="Graphics/machine gunner/Armature/Skeleton3D/Body/HitBoxShoulderR"]
[editable path="Graphics/machine gunner/Armature/Skeleton3D/Body/HitBoxShoulderL"]
[editable path="Graphics/machine gunner/Armature/Skeleton3D/Body/HitBoxHead"]
[editable path="Graphics/machine gunner/Armature/Skeleton3D/UpperArmL/HitBox"]
[editable path="Graphics/machine gunner/Armature/Skeleton3D/UpperArmR/HitBox"]
[editable path="Graphics/machine gunner/Armature/Skeleton3D/LowerArmL/HitBox"]
[editable path="Graphics/machine gunner/Armature/Skeleton3D/LowerArmR/HitBox"]
[editable path="Graphics/machine gunner/Armature/Skeleton3D/UpperLegL/HitBox"]
[editable path="Graphics/machine gunner/Armature/Skeleton3D/UpperLegR/HitBox"]
[editable path="Graphics/machine gunner/Armature/Skeleton3D/LowerLegL/HitBox"]
[editable path="Graphics/machine gunner/Armature/Skeleton3D/LowerLegR/HitBox"]
